     0/499     26.2G    0.1303   0.02515   0.07988    0.2353       166       992         0         0 3.233e-07 5.446e-08     0.158    0.0224    0.1061
     1/499       26G    0.1215   0.02016   0.05953    0.2012       202       992         0         0         0         0    0.1144   0.04256   0.06656
     2/499       26G    0.1188   0.01979   0.04843     0.187       134       992         0         0 8.996e-05  1.46e-05    0.1127   0.04342   0.05363
     3/499       26G    0.1159   0.01993   0.04054    0.1764       123       992         0         0 0.0001543 2.607e-05    0.1123   0.04474   0.04565
     4/499       26G    0.1137   0.02009   0.03586    0.1696       149       992         0         0 0.0001409 2.125e-05    0.1099    0.0459   0.03398
     5/499       26G    0.1122   0.02049   0.03185    0.1645       145       992         0         0 0.0004123 4.702e-05    0.1087   0.04732   0.02703
     6/499       26G    0.1122   0.01956   0.02892    0.1607       168       992         0         0  0.001383 0.0001871    0.1085   0.04973   0.03512
     7/499       26G    0.1097   0.02073   0.02827    0.1587       104       992         0         0  0.001995 0.0002971    0.1081   0.04899   0.02681
     8/499       26G    0.1101   0.02063   0.02717    0.1579       135       992         0         0  0.006245 0.0009484    0.1092    0.0468   0.02345
     9/499       26G    0.1098   0.01921   0.02637    0.1554        83       992         0         0   0.00848  0.001617    0.1051   0.05111   0.02638
    10/499       26G    0.1097   0.02032   0.02551    0.1555       165       992         0         0  0.000245 3.666e-05    0.1184   0.03855    0.0674
    11/499       26G    0.1086   0.02005   0.02583    0.1544       138       992         0         0  0.002729 0.0004709     0.118   0.03932   0.07584
    12/499       26G     0.109   0.02047     0.025    0.1545       194       992         0         0  0.006057  0.001275     0.123   0.03963   0.06596
    13/499       26G    0.1083   0.02014   0.02483    0.1533       178       992         0         0   0.01591  0.003352    0.1035   0.05185   0.02443
    14/499       26G    0.1077   0.02027   0.02399    0.1519       134       992   0.07158  0.007062   0.01118  0.002934    0.1028   0.05001   0.02154
    15/499       26G    0.1073      0.02    0.0241    0.1514       145       992         0         0  0.007794  0.001302    0.1075   0.04728   0.02537
    16/499       26G    0.1062   0.02109   0.02398    0.1513       146       992   0.06876    0.0202   0.01487  0.002534    0.1021   0.05194    0.0219
    17/499       26G    0.1053   0.02091   0.02308    0.1493       158       992   0.05155   0.01852   0.01306  0.002944    0.1026   0.05239   0.02289
    18/499       26G    0.1035   0.02188   0.02356    0.1489       177       992   0.07404  0.002245   0.01124  0.001883     0.104   0.05035   0.02329
    19/499       26G    0.1036   0.02066   0.02311    0.1473       152       992         0         0   0.01425  0.002818    0.1036   0.05156   0.02186
    20/499       26G    0.1012   0.02199   0.02322    0.1464       149       992   0.08454   0.03143   0.02765  0.007454    0.1013   0.05047   0.02064
    21/499       26G    0.1027   0.02093    0.0226    0.1463       163       992    0.4427   0.02753     0.033  0.007738   0.09998   0.05287   0.02068
    22/499       26G    0.1013   0.02152   0.02238    0.1452       103       992   0.05147   0.02301   0.02016   0.00386    0.1002   0.05158   0.01987
    23/499       26G    0.1007   0.02128   0.02266    0.1447        98       992    0.3911   0.02059   0.02343  0.004316   0.09941   0.05115   0.02008
    24/499       26G    0.1002    0.0213   0.02177    0.1433       134       992    0.3993   0.03594   0.03488  0.007199   0.09861   0.05128   0.01958
    25/499       26G   0.09846   0.02087   0.02101    0.1403       172       992     0.159   0.06497   0.04384   0.01126    0.0954   0.05271   0.01933
    26/499       26G   0.09698   0.02192   0.02065    0.1395       153       992    0.6848   0.02898   0.03845  0.009341   0.09933   0.05138   0.01904
    27/499       26G   0.09788   0.02108   0.02166    0.1406       156       992    0.5678   0.05265   0.05907   0.01398   0.09295    0.0537   0.01839
    28/499       26G   0.09698   0.02135   0.02039    0.1387       131       992    0.1631   0.06914   0.05913   0.01306   0.09196   0.05313   0.01809
    29/499       26G   0.09478   0.02188   0.02005    0.1367       122       992   0.07636   0.00954   0.01755  0.003043    0.1038   0.05149   0.02208
    30/499       26G   0.09434   0.02205   0.01978    0.1362       150       992     0.192   0.08746   0.07422   0.01753   0.09066   0.05279   0.01671
    31/499       26G   0.09261    0.0218   0.01957     0.134       123       992    0.1859   0.07813   0.08005   0.01896   0.09331   0.05156   0.01748
    32/499       26G    0.0928   0.02169   0.01893    0.1334       115       992    0.1804     0.132   0.09803   0.02409    0.0892    0.0529   0.01649
    33/499       26G   0.09259   0.02219    0.0191    0.1339       158       992    0.2457    0.1099   0.08726   0.01869   0.08961   0.05249   0.01596
    34/499       26G   0.09088   0.02181    0.0188    0.1315       111       992    0.1867    0.1938    0.1058   0.02431    0.0876   0.05243   0.01573
    35/499       26G   0.09292   0.02146   0.01816    0.1325       164       992    0.2099    0.1503    0.1172     0.029   0.09026   0.05203   0.01685
    36/499       26G   0.09014    0.0218   0.01811      0.13       164       992    0.2875   0.06782   0.08415   0.01876   0.09055   0.05301   0.01692
    37/499       26G   0.08913   0.02218   0.01732    0.1286       114       992    0.3355   0.07085   0.09289   0.02085    0.0899   0.05356   0.01575
    38/499       26G    0.0911   0.02109   0.01782      0.13       102       992    0.3105    0.1802    0.1373   0.03337   0.08864   0.05192   0.01473
    39/499       26G   0.08925   0.02212   0.01767     0.129       155       992    0.4046   0.09491    0.1184   0.02765   0.09067     0.052   0.01585
    40/499       26G   0.08922    0.0219   0.01714    0.1283       124       992    0.2372    0.1732    0.1383   0.03545   0.08756   0.05225   0.01608
    41/499       26G   0.08802   0.02245   0.01683    0.1273       131       992    0.3654   0.05994   0.08101    0.0186   0.09253   0.05302   0.01769
    42/499       26G   0.08814     0.021   0.01702    0.1262        69       992    0.2289    0.2167    0.1554   0.03787   0.08563   0.05338   0.01393
    43/499       26G   0.08874   0.02214   0.01672    0.1276       163       992    0.2854     0.198    0.1631   0.04065   0.08547   0.05182    0.0131
    44/499       26G   0.08651   0.02147   0.01652    0.1245       132       992    0.2879    0.1596    0.1342   0.03077   0.08754   0.05178    0.0158
    45/499       26G   0.08598   0.02306   0.01596     0.125       146       992    0.1966    0.2322     0.122   0.03079   0.08594   0.05213    0.0137
    46/499       26G   0.08776    0.0217    0.0162    0.1257       132       992    0.2897   0.07402   0.07821   0.01699   0.09322   0.05042   0.01665
    47/499       26G   0.08676   0.02147   0.01574     0.124       122       992    0.3016    0.1771    0.1425   0.03308   0.08916   0.05036    0.0145
    48/499       26G   0.08661   0.02181   0.01579    0.1242       181       992    0.3496    0.1843    0.1571   0.03999   0.08441   0.05269    0.0134
    49/499       26G   0.08515    0.0219   0.01569    0.1227       125       992    0.2514    0.2162    0.1434   0.03515   0.08521   0.05249   0.01582
    50/499       26G    0.0856   0.02162   0.01538    0.1226       170       992    0.2908    0.2067    0.1392   0.03433   0.08593   0.05158   0.01284
    51/499       26G     0.086   0.02222   0.01493    0.1232        89       992    0.2628    0.2129    0.1393   0.03433   0.08493    0.0522   0.01388
    52/499       26G   0.08437   0.02416   0.01537    0.1239       192       992    0.2982    0.2091    0.1548   0.03908   0.08756   0.05187   0.01381
    53/499       26G   0.08505   0.02191   0.01514    0.1221       155       992    0.3129     0.219    0.1614   0.04017   0.08603   0.05216   0.01392
    54/499       26G    0.0849   0.02219   0.01492     0.122       140       992    0.3427    0.1698    0.1171   0.02575   0.08904   0.05148   0.01588
    55/499       26G   0.08518   0.02176   0.01452    0.1215       125       992    0.3581    0.2388    0.1953   0.05076   0.08296   0.05309   0.01216
    56/499       26G   0.08481   0.02088   0.01553    0.1212        74       992    0.2416    0.2302    0.1571   0.04005   0.08868   0.05311   0.01375
    57/499       26G   0.08298   0.02285   0.01486    0.1207       153       992    0.2963    0.2463    0.1841   0.05145   0.08338   0.05252   0.01339
    58/499       26G   0.08329   0.02244   0.01471    0.1204       134       992    0.4284    0.1645    0.1329   0.03237   0.08714   0.05214    0.0157
    59/499       26G   0.08407   0.02141   0.01432    0.1198       124       992     0.273    0.3392    0.2318   0.06178   0.07971   0.05271    0.0112
    60/499       26G   0.08435   0.02232   0.01434     0.121       161       992    0.2625     0.209    0.1428   0.03488   0.08598   0.05048   0.01216
    61/499       26G   0.08446   0.02161   0.01371    0.1198       155       992    0.3886    0.1651    0.1561   0.03883    0.0869   0.05195    0.0156
    62/499       26G   0.08294   0.02229   0.01491    0.1201       125       992    0.3829    0.2301    0.1989   0.05293   0.08282   0.05282   0.01119
    63/499       26G   0.08341   0.02183   0.01456    0.1198       136       992    0.2379    0.2402    0.1505   0.03648   0.08477   0.05203    0.0122
    64/499       26G   0.08207   0.02264   0.01465    0.1194       148       992    0.2467      0.27    0.1652   0.04219   0.08176   0.05222   0.01157
    65/499       26G   0.08329   0.02266   0.01384    0.1198       154       992    0.3537    0.2437    0.2103   0.05457    0.0824   0.05195   0.01164
    66/499       26G   0.08225   0.02216    0.0136     0.118       154       992    0.4095    0.2112    0.1738   0.04485   0.08656   0.05172   0.01395
    67/499       26G   0.08291   0.02199   0.01327    0.1182        86       992     0.318    0.2941    0.2266   0.05829   0.08017   0.05217   0.01055
    68/499       26G     0.083   0.02105   0.01352    0.1176       155       992     0.278    0.2117    0.1553   0.03574   0.08423   0.05136    0.0112
    69/499       26G   0.08203   0.02262   0.01339     0.118       189       992    0.3288     0.222    0.1715   0.04251   0.08387   0.05252   0.01662
    70/499       26G   0.08254   0.02226   0.01388    0.1187       124       992    0.3752    0.2552    0.1901   0.05024   0.08208   0.05209   0.01135
    71/499       26G   0.08175   0.02232   0.01295     0.117       123       992    0.4039    0.2114    0.1664    0.0406   0.08547   0.05252   0.01286
    72/499       26G   0.08172   0.02228   0.01311    0.1171       137       992    0.3694    0.2272    0.1819   0.04493   0.08348   0.05438   0.01299
    73/499       26G   0.08109   0.02164   0.01289    0.1156       119       992    0.2683    0.3434    0.2279   0.05949   0.07896   0.05245   0.01038
    74/499       26G   0.08016   0.02287   0.01337    0.1164       147       992     0.303    0.2302    0.1849   0.04708   0.08285   0.05108   0.01185
    75/499       26G   0.08132   0.02174   0.01289     0.116       127       992    0.3322    0.1771    0.1339   0.03201   0.08728   0.05209   0.01431
    76/499       26G   0.08147   0.02138   0.01274    0.1156       141       992    0.3606    0.3007    0.2424   0.06441   0.07929   0.05228   0.01072
    77/499       26G   0.08123    0.0218   0.01297     0.116        99       992    0.2967     0.332    0.2107    0.0568   0.08104   0.05106   0.01063
    78/499       26G   0.08065   0.02206   0.01266    0.1154       148       992    0.3313    0.3416    0.2577   0.07198    0.0804   0.05152   0.01217
    79/499       26G   0.08114   0.02183   0.01249    0.1155       130       992    0.3387    0.1926    0.1554   0.03747   0.08515   0.05274   0.01351
    80/499       26G   0.08061   0.02239   0.01273    0.1157       154       992      0.33    0.3062    0.2199   0.05813   0.07866   0.05266  0.009625
    81/499       26G   0.07987   0.02257   0.01195    0.1144       150       992    0.3704    0.2939    0.2369   0.06261   0.08129   0.05166   0.01016
    82/499       26G   0.07929   0.02247   0.01249    0.1143       107       992    0.3605    0.3212    0.2657   0.07571   0.07656   0.05298  0.009347
    83/499       26G   0.07918   0.02176   0.01221    0.1131       136       992     0.293    0.3326    0.2213   0.05896   0.07838   0.05242   0.01112
    84/499       26G   0.07828   0.02285   0.01162    0.1127       182       992    0.3128    0.2503    0.1667   0.03701   0.08571    0.0524    0.0196
    85/499       26G   0.07951   0.02202   0.01175    0.1133       113       992    0.3426    0.3406     0.245   0.06509   0.07699   0.05284  0.009566
    86/499       26G   0.07778   0.02235   0.01134    0.1115       201       992    0.3226    0.3017    0.2318   0.06202   0.07923   0.05261   0.01068
    87/499       26G   0.07865   0.02234   0.01163    0.1126       150       992    0.3659    0.3936    0.2976   0.08179   0.07539   0.05265  0.009353
    88/499       26G    0.0787   0.02215   0.01212     0.113       151       992    0.2973    0.3708    0.2771   0.07655   0.07669   0.05335  0.009554
    89/499       26G   0.07844   0.02207   0.01151     0.112       152       992     0.319    0.3276    0.2283   0.06006    0.0776   0.05236   0.01047
    90/499       26G   0.07782   0.02226   0.01155    0.1116       158       992     0.329    0.3316    0.2104   0.05655   0.07803   0.05233  0.009646
    91/499       26G   0.07863   0.02151   0.01153    0.1117       117       992     0.332    0.2547    0.2152   0.05785   0.07869   0.05212   0.01011
    92/499       26G   0.07921    0.0221   0.01155    0.1129       148       992    0.3301    0.3371    0.2394   0.06806   0.07956   0.05162  0.009812
    93/499       26G   0.07878   0.02219   0.01108     0.112       114       992    0.3112    0.3673    0.2396    0.0675   0.07764   0.05215  0.008967
    94/499       26G   0.07784    0.0219   0.01201    0.1118       162       992    0.3786    0.1632    0.1625   0.03933   0.09029   0.04981   0.01827
    95/499       26G    0.0767   0.02173   0.01148    0.1099       147       992    0.3582    0.3457    0.2725   0.07673    0.0751   0.05233  0.008584
    96/499       26G    0.0767   0.02283   0.01072    0.1102       227       992    0.3415    0.3611    0.2804   0.07511   0.07468     0.053  0.007662
    97/499       26G   0.07778   0.02112   0.01089    0.1098       195       992    0.2924    0.3471    0.2513   0.06414   0.07567     0.053  0.008743
    98/499       26G   0.07796   0.02225     0.011    0.1112       181       992    0.3151    0.3812    0.2844   0.07902    0.0746   0.05411  0.007666
    99/499       26G   0.07701   0.02273   0.01072    0.1105        81       992    0.3139    0.3822    0.2773    0.0772   0.07347    0.0529  0.008185
   100/499       26G     0.079    0.0216    0.0109    0.1115       116       992    0.3596    0.3398     0.258   0.07737   0.07556   0.05315   0.01141
   101/499       26G   0.07555   0.02249   0.01081    0.1088       145       992     0.318    0.3657     0.271   0.08115   0.07563   0.05238  0.009437
   102/499       26G   0.07655   0.02238   0.01034    0.1093       172       992    0.3728    0.3578    0.2829   0.07959   0.07403   0.05282    0.0079
   103/499       26G   0.07603   0.02195   0.01078    0.1088       155       992    0.2912    0.3709    0.2538   0.06766   0.07758   0.05267   0.01115
   104/499       26G   0.07601   0.02136   0.01059     0.108       162       992     0.396    0.3021    0.2391   0.06675   0.08228   0.05295   0.01969
   105/499       26G   0.07611   0.02162   0.01041    0.1081       144       992    0.3077    0.3707    0.2864   0.07612   0.07584   0.05304  0.009805
   106/499       26G   0.07564   0.02259   0.01019    0.1084       129       992    0.3426    0.2431    0.1971   0.05212   0.07996   0.05205   0.01045
   107/499       26G   0.07626   0.02209   0.01019    0.1085       175       992     0.304     0.439    0.3266   0.09161   0.07115   0.05301   0.00691
   108/499       26G   0.07534   0.02202  0.009993    0.1074       117       992    0.2966    0.4384    0.3069   0.08823   0.07333   0.05235  0.007954
   109/499       26G   0.07556   0.02208  0.009935    0.1076       110       992    0.4129    0.2854    0.2416   0.07187   0.07774   0.05499   0.01211
   110/499       26G   0.07483   0.02245   0.01057    0.1078       131       992    0.3734    0.3721    0.2946   0.08493    0.0716     0.053  0.007508
   111/499       26G   0.07459   0.02216  0.009602    0.1063       128       992    0.2969    0.4348    0.3008   0.08468   0.07259   0.05202  0.008196
   112/499       26G   0.07558   0.02138  0.009888    0.1068       106       992    0.3565     0.386    0.3141   0.08802   0.07149   0.05266   0.00804
   113/499       26G   0.07423   0.02268   0.00992    0.1068       155       992    0.3112    0.3869    0.2817   0.08267   0.07313   0.05227  0.007744
   114/499       26G   0.07439   0.02239   0.00952    0.1063        93       992    0.3659    0.3642    0.2882   0.08366   0.07359    0.0523  0.008464
   115/499       26G   0.07385   0.02221   0.00982    0.1059       123       992     0.346    0.4468    0.3525   0.09772   0.07002   0.05242   0.00686
   116/499       26G   0.07436    0.0227  0.009964     0.107       159       992    0.2756     0.437     0.309   0.08938   0.07171   0.05378  0.006631
   117/499       26G   0.07366   0.02208  0.009895    0.1056       178       992    0.3376    0.4219    0.3211   0.09033   0.07184   0.05322  0.007452
   118/499       26G   0.07316    0.0216  0.009219     0.104       100       992    0.2897    0.4504    0.3251    0.0933   0.07189    0.0527  0.007233
   119/499       26G   0.07238   0.02222  0.009457    0.1041       165       992    0.2881    0.4426    0.2958   0.07905   0.07411   0.05247   0.00923
   120/499       26G   0.07522   0.02171  0.009004    0.1059       166       992    0.3333    0.3936    0.3067   0.08425   0.07702   0.05251   0.01069
   121/499       26G   0.07404   0.02161  0.009801    0.1055       128       992    0.3092     0.459    0.3295   0.09334   0.07381   0.05249  0.007129
   122/499       26G   0.07325   0.02221  0.009354    0.1048       167       992    0.3145    0.4056     0.281   0.07789    0.0741   0.05381  0.008468
   123/499       26G   0.07321   0.02202  0.009616    0.1048       164       992    0.4083    0.3175    0.2674    0.0739   0.07661   0.05207   0.01066
   124/499       26G   0.07192   0.02341  0.009016    0.1043       120       992    0.3713     0.318    0.2446   0.07005   0.07632   0.05324   0.01017
   125/499       26G   0.07336   0.02144  0.009265    0.1041       109       992    0.3224    0.2817    0.2039   0.05894    0.0759   0.05324  0.008574
   126/499       26G   0.07248   0.02266   0.00901    0.1041       126       992    0.3579     0.386    0.2959   0.08944    0.0712   0.05276  0.006987
   127/499       26G   0.07339   0.02191  0.008994    0.1043       138       992    0.3422    0.4172    0.3241   0.09216   0.06974   0.05263  0.007013
   128/499       26G    0.0717   0.02254  0.008781     0.103       171       992     0.267    0.4541    0.2863   0.07818   0.07527   0.05309   0.01051
   129/499       26G   0.07134   0.02296  0.008297    0.1026       170       992    0.3296    0.3996    0.3045   0.08879   0.07137   0.05244  0.006768
   130/499       26G   0.07111   0.02294  0.008648    0.1027       179       992    0.4564    0.3258    0.2879   0.08403   0.07485   0.05238  0.008548
   131/499       26G   0.07105   0.02235  0.008617     0.102       158       992    0.3286    0.4325    0.3152   0.09024   0.07037    0.0528  0.006455
   132/499       26G   0.07198   0.02242  0.008812    0.1032       145       992    0.2846    0.4691    0.3285   0.08673   0.06972   0.05292  0.005796
   133/499       26G   0.07121   0.02261  0.008241    0.1021       127       992    0.2982    0.4098    0.2879   0.08058    0.0758   0.05313   0.01218
   134/499       26G   0.07105   0.02215  0.008602    0.1018       132       992    0.3167    0.4618    0.3494    0.1037   0.06886   0.05239  0.006039
   135/499       26G    0.0707   0.02207  0.008585    0.1014       112       992    0.2898    0.4851    0.3522    0.1037   0.06947   0.05219  0.006459
   136/499       26G      0.07   0.02256  0.008637    0.1012       197       992    0.3384     0.508    0.3874     0.113    0.0662   0.05214  0.005681
   137/499       26G    0.0707   0.02203  0.008328    0.1011       121       992    0.3187    0.4793    0.3625    0.1063   0.06999   0.05239  0.007795
   138/499       26G   0.07153   0.02199  0.008488     0.102       114       992    0.3221    0.4118    0.3091   0.09115   0.07427   0.05269   0.01018
   139/499       26G   0.06985   0.02298  0.008031    0.1009       129       992    0.3049    0.5096    0.3855     0.115   0.06497   0.05275  0.005393
   140/499       26G   0.07094    0.0222   0.00815    0.1013        96       992    0.3735    0.4436    0.3563    0.1006   0.06897    0.0527  0.008135
   141/499       26G   0.06934   0.02206   0.00786   0.09925       148       992    0.2846    0.4257    0.2867   0.07481   0.07302   0.05255   0.01052
   142/499       26G   0.06883   0.02178  0.007884    0.0985       123       992    0.3807    0.4006    0.3194   0.08897   0.07119   0.05243  0.006838
   143/499       26G   0.07028   0.02155  0.007637   0.09947       158       992    0.3284    0.4738     0.351    0.1059   0.06494   0.05278  0.004993
   144/499       26G   0.06992   0.02188   0.00766   0.09946       141       992    0.3207    0.4174    0.3113   0.08379   0.07247   0.05303  0.007947
   145/499       26G   0.06948    0.0217  0.007706   0.09889       102       992    0.3179     0.501    0.3541    0.1098   0.06599   0.05206  0.005994
   146/499       26G   0.06845   0.02184  0.007501   0.09778       118       992    0.3323    0.4786     0.374    0.1142   0.06367   0.05189  0.005307
   147/499       26G    0.0696   0.02271  0.008182    0.1005       152       992    0.3256    0.5036    0.3925     0.113    0.0645   0.05255  0.005528
   148/499       26G   0.06839   0.02235  0.007327   0.09807       136       992    0.3715    0.4659    0.3627    0.1103   0.06436   0.05273  0.005044
   149/499       26G   0.06901   0.02225  0.007756   0.09901       136       992    0.3092    0.4522    0.3192   0.09415   0.06897    0.0528  0.006831
   150/499       26G   0.06872   0.02156   0.00782    0.0981       139       992    0.3206    0.4765    0.3782    0.1119   0.06631    0.0526  0.005898
   151/499       26G   0.06761   0.02197  0.007443   0.09702       107       992    0.3218    0.4414    0.3395   0.09772    0.0765    0.0523   0.01075
   152/499       26G   0.06993   0.02228  0.007149   0.09936       113       992    0.2613    0.4895     0.353    0.1051   0.06668   0.05383  0.006687
   153/499       26G   0.06823   0.02214  0.007047   0.09742       117       992     0.333    0.5346    0.4136      0.13   0.06183   0.05203  0.004798
   154/499       26G   0.06711   0.02152  0.007445   0.09608       162       992    0.3521    0.4896    0.3709    0.1109   0.06458   0.05271  0.005833
   155/499       26G   0.06701   0.02202  0.007329   0.09636        91       992    0.3502    0.4713    0.3651     0.112   0.06426    0.0528   0.00575
   156/499       26G   0.06846   0.02158  0.007719   0.09776       196       992    0.3874    0.4329    0.3497    0.1058   0.06658    0.0532  0.005826
   157/499       26G   0.06703   0.02211   0.00749   0.09662        97       992    0.2482    0.5698    0.3917    0.1256   0.06206   0.05308  0.005054
   158/499       26G    0.0683   0.02249  0.007317   0.09811       148       992    0.2576    0.5257    0.3668    0.1121   0.06806   0.05243  0.006553
   159/499       26G   0.06626   0.02283  0.007216   0.09631       155       992    0.3845    0.5093    0.4198    0.1303   0.06086   0.05325  0.004736
   160/499       26G   0.06781   0.02239  0.006633   0.09684       168       992    0.3208    0.5172    0.3932    0.1228   0.06162   0.05285  0.004729
   161/499       26G   0.06667   0.02216  0.007113   0.09594       172       992    0.3479    0.4914    0.3989    0.1253   0.06211   0.05268  0.005031
   162/499       26G    0.0668    0.0215  0.006714   0.09502       141       992    0.3132    0.4477    0.3298    0.1014   0.06816   0.05265  0.006741
   163/499       26G   0.06694   0.02077  0.007374   0.09509       153       992      0.32    0.4711    0.3456    0.1046   0.06423   0.05261  0.005973
   164/499       26G     0.066   0.02166  0.007101   0.09476       179       992    0.3268     0.532    0.4077    0.1321   0.06063   0.05252  0.004248
   165/499       26G   0.06686   0.02222  0.007025    0.0961        96       992    0.3281    0.5158    0.3999    0.1227   0.06105   0.05218  0.004691
   166/499       26G   0.06717   0.02132  0.007133   0.09563       136       992    0.2654     0.478    0.3378   0.09912    0.0717   0.05389   0.01114
   167/499       26G   0.06486   0.02276  0.006729   0.09435       119       992    0.2597    0.4791    0.3325   0.09707   0.06968   0.05422  0.007996
   168/499       26G   0.06642   0.02185  0.006663   0.09494       111       992    0.2955    0.5473    0.4111    0.1267   0.06036   0.05225  0.004349
   169/499       26G   0.06463   0.02166  0.006702   0.09299       124       992    0.3798    0.4897    0.3809     0.118   0.06302     0.053  0.005683
   170/499       26G   0.06566   0.02141  0.007411   0.09448       149       992    0.3108    0.5999     0.435    0.1467   0.05885   0.05086  0.004141
   171/499       26G   0.06629   0.02125  0.006467   0.09401       148       992    0.3865    0.4602    0.3775    0.1181   0.06476    0.0525  0.005798
   172/499       26G   0.06475   0.02165  0.006319   0.09272       143       992     0.304    0.5194    0.3741    0.1148   0.06442   0.05203  0.006873
   173/499       26G   0.06482   0.02104  0.006608   0.09247        92       992    0.4072    0.4516    0.3694    0.1234   0.06359   0.05255  0.005823
   174/499       26G   0.06551   0.02161  0.006644   0.09376       132       992    0.3576    0.5426    0.4176    0.1307   0.05974   0.05122  0.004741
   175/499       26G   0.06488   0.02147  0.006695   0.09304       186       992    0.3142    0.4553    0.3474    0.1027   0.07354    0.0539   0.01142
   176/499       26G   0.06538   0.02206  0.006242   0.09368       100       992    0.3371    0.5767    0.4451    0.1434    0.0588   0.05051   0.00397
   177/499       26G   0.06357   0.02086  0.005985   0.09042       101       992    0.2805    0.5815    0.3977    0.1173   0.06131   0.05257  0.004835
   178/499       26G   0.06457   0.02109  0.006166   0.09183        86       992    0.3358    0.5603     0.445    0.1421   0.05897   0.05094  0.003868
   179/499       26G    0.0641   0.02223   0.00634   0.09267       135       992     0.356     0.602    0.4743    0.1557   0.05691   0.05031  0.003635
   180/499       26G   0.06299   0.02206  0.005984   0.09104       109       992    0.3212    0.5678    0.4339    0.1344   0.06082   0.05153  0.004587
   181/499       26G   0.06439   0.02094  0.006108   0.09143       153       992     0.383    0.5661    0.4722      0.15     0.057   0.05166  0.003519
   182/499       26G    0.0648   0.02127  0.006125    0.0922       120       992    0.3364    0.5848    0.4559    0.1452   0.05846   0.05091  0.004067
   183/499       26G   0.06365   0.02037  0.006018   0.09004       105       992    0.3512    0.5954    0.4892    0.1624   0.05695   0.04957  0.003376
   184/499       26G   0.06231   0.02174   0.00588   0.08993       237       992    0.2684    0.6178    0.4425     0.144   0.05949   0.05075  0.003914
   185/499       26G   0.06293   0.02154   0.00558   0.09005       166       992    0.3371    0.5972     0.458    0.1542   0.05679   0.05045  0.003547
   186/499       26G   0.06313   0.02147  0.005779   0.09037       110       992    0.3693    0.5605    0.4339    0.1457   0.05788   0.05093  0.003991
   187/499       26G   0.06292   0.02182  0.005934   0.09067        99       992    0.3605    0.5926    0.4924    0.1551    0.0559   0.04982  0.003428
   188/499       26G   0.06213   0.02188   0.00582   0.08983       153       992    0.3731    0.5528    0.4577    0.1381   0.05709   0.05079  0.003884
   189/499       26G   0.06233   0.02124  0.005587   0.08915       117       992    0.3856     0.493    0.4062    0.1256   0.06151   0.05323  0.005152
   190/499       26G   0.06166   0.02152  0.005424   0.08861       188       992    0.3747    0.5351    0.4299     0.133   0.06076   0.05115  0.004373
   191/499       26G   0.06193   0.02138  0.005303   0.08861       121       992    0.3189    0.5571    0.4154      0.13    0.0653   0.05145  0.006337
   192/499       26G   0.06138   0.02179  0.005528    0.0887       141       992    0.3417     0.578    0.4542    0.1501   0.05618   0.05008  0.003836
   193/499       26G    0.0622   0.02117  0.005714   0.08909       158       992     0.353    0.6147    0.5067    0.1731   0.05338   0.04899  0.003104
   194/499       26G   0.06281   0.02103  0.005776   0.08961       117       992    0.3665    0.6332    0.5149    0.1788   0.05353   0.04843  0.003244
   195/499       26G   0.06143   0.02172  0.005775   0.08893       141       992    0.3509    0.5934    0.4701    0.1636   0.05396   0.04873  0.003351
   196/499       26G   0.06086   0.02066  0.005822   0.08734       177       992    0.3949    0.5919    0.4874    0.1701   0.05489   0.04948  0.003476
   197/499       26G    0.0614   0.02119   0.00561    0.0882        79       992    0.3083    0.6146    0.4626    0.1519   0.05764    0.0512  0.004187
   198/499       26G   0.06087   0.02046  0.005652   0.08698       139       992    0.3313     0.589    0.4543    0.1449   0.06047   0.05152  0.004615
   199/499       26G    0.0612   0.02105    0.0055   0.08775       139       992    0.3713    0.5862    0.4566    0.1581   0.05635   0.05048  0.003883
   200/499       26G   0.06116   0.02143  0.005534   0.08812       156       992    0.3574    0.6127    0.4886      0.17   0.05551   0.04882  0.003532
   201/499       26G   0.06079   0.02076  0.005285   0.08683       149       992    0.3621    0.6477    0.5238    0.1841   0.05285   0.04797   0.00344
   202/499       26G   0.06046   0.02084  0.005167   0.08647       214       992    0.3565    0.6219    0.4953    0.1701   0.05314   0.04828  0.003249
   203/499       26G   0.06027   0.02136  0.005276    0.0869       138       992    0.2831     0.578    0.4012    0.1268    0.0638   0.05342  0.005782
   204/499       26G   0.05947    0.0216  0.004889   0.08595       122       992     0.357    0.5554    0.4318    0.1436   0.05696   0.05145  0.003913
   205/499       26G   0.05997   0.02079  0.004991   0.08575       135       992    0.3822    0.5663    0.4719    0.1585   0.05665   0.05098  0.003705
   206/499       26G   0.05936   0.02009  0.004961   0.08441       157       992    0.3912    0.5805    0.4887    0.1687   0.05422   0.04899  0.003223
   207/499       26G   0.05873   0.02083  0.004934   0.08449       164       992    0.3601    0.6157    0.4942    0.1714   0.05422   0.04897  0.003498
   208/499       26G    0.0609   0.02012  0.005054   0.08607       112       992    0.2892    0.4403    0.2922   0.08323    0.0801   0.05266   0.02243
   209/499       26G   0.05802   0.02068  0.005293   0.08399       168       992    0.3401    0.6248    0.4924    0.1718   0.05515   0.05014  0.003955
   210/499       26G   0.05872   0.02068  0.004783   0.08419       144       992    0.4076    0.6056    0.4951     0.173   0.05305   0.04873  0.003069
   211/499       26G   0.05843   0.02121  0.004827   0.08447       123       992    0.3434    0.4756    0.3859    0.1292   0.06254   0.05247  0.005353
   212/499       26G   0.05927   0.02059  0.004887   0.08475       127       992    0.3535    0.6533    0.5226    0.1801   0.05198   0.04751  0.002978
   213/499       26G   0.05852   0.02122  0.005239   0.08498       193       992    0.3695    0.6623    0.5305    0.1852   0.05168   0.04832  0.002987
   214/499       26G    0.0589   0.02053  0.005145   0.08457       124       992    0.3644    0.6431    0.5277    0.1908    0.0506   0.04803  0.002824
   215/499       26G   0.05728   0.02048  0.004658   0.08241       129       992    0.3569    0.6352    0.5004    0.1711   0.05396   0.04956  0.003797
   216/499       26G   0.05862   0.02013  0.004505   0.08325       162       992    0.3973    0.6605    0.5692    0.2095   0.04966   0.04636  0.002513
   217/499       26G   0.05858   0.01973  0.004887    0.0832       194       992     0.343    0.6786    0.5327    0.1915   0.05059   0.04802  0.002746
   218/499       26G   0.05878    0.0207  0.004587   0.08406       164       992    0.3369     0.634    0.4942    0.1753   0.05272   0.04866  0.003172
   219/499       26G   0.05771   0.02102  0.004779   0.08351       107       992    0.3577     0.701    0.5556    0.2044   0.04919    0.0467  0.002488
   220/499       26G   0.05778   0.01969  0.004705   0.08217       178       992    0.3383    0.6677    0.5072    0.1846   0.05083   0.04818  0.002682
   221/499       26G   0.05763   0.02099  0.004779    0.0834        88       992     0.352    0.6687    0.5302    0.1931   0.05037   0.04793  0.002753
   222/499       26G    0.0586    0.0196  0.004907   0.08311       131       992    0.4103    0.6146    0.5172    0.1883   0.05195   0.04897  0.003141
   223/499       26G   0.05768   0.02038  0.004496   0.08255        98       992     0.395    0.6837     0.554    0.2147   0.04884   0.04722  0.002642
   224/499       26G   0.05761   0.02041  0.004943   0.08297       179       992    0.4067    0.6512    0.5413     0.201   0.04981   0.04726  0.002662
   225/499       26G   0.05559   0.02044  0.004295   0.08032       140       992    0.3735    0.6742    0.5571    0.2045   0.04947   0.04704  0.002737
   226/499       26G   0.05774   0.01979  0.004725   0.08225       177       992    0.2775    0.6292    0.4568    0.1552   0.05666   0.05139  0.004426
   227/499       26G   0.05718   0.01995  0.004545   0.08168       142       992      0.34    0.6891    0.5482    0.2026   0.05014    0.0472  0.002797
   228/499       26G   0.05674    0.0199  0.004495   0.08114       152       992    0.3451    0.5883    0.4643    0.1618   0.05849   0.05107  0.004514
   229/499       26G   0.05746   0.01985   0.00448   0.08179       132       992    0.3318    0.6719    0.5353    0.1901   0.05172   0.04706  0.002719
   230/499       26G   0.05527   0.02069  0.004063   0.08003       110       992    0.3671    0.7054    0.5715    0.2168   0.04778   0.04564  0.002232
   231/499       26G   0.05701   0.01979  0.004153   0.08096       151       992    0.3941    0.6725    0.5713    0.2121   0.04799   0.04656  0.002429
   232/499       26G   0.05574   0.01993  0.004439   0.08011       150       992    0.3783    0.7035    0.5731    0.2205    0.0481   0.04648  0.002377
   233/499       26G   0.05597   0.02044  0.004274   0.08068       146       992    0.3885    0.6809    0.5643    0.2117   0.04902   0.04662  0.002468
   234/499       26G    0.0556   0.01998  0.004245   0.07982       125       992    0.3528    0.6868    0.5599    0.2163   0.04868   0.04655  0.002484
   235/499       26G   0.05604   0.01941  0.004259   0.07971       146       992    0.3593    0.6848    0.5685    0.2132   0.04978   0.04678  0.002639
   236/499       26G   0.05643   0.01981  0.004262    0.0805       118       992    0.2994    0.6598     0.488     0.161   0.05551   0.05051  0.004305
   237/499       26G   0.05598    0.0203  0.004173   0.08046       120       992    0.3306    0.6666     0.506    0.1806    0.0553   0.05012  0.004063
   238/499       26G   0.05405   0.01995  0.003834   0.07783       149       992    0.3917    0.7026    0.5671    0.2286   0.04656   0.04483  0.002348
   239/499       26G   0.05495    0.0202  0.004128   0.07928       185       992    0.3533    0.6215    0.4971    0.1765   0.05308    0.0501  0.003287
   240/499       26G   0.05555   0.01971  0.004047   0.07931       185       992    0.3994    0.6875    0.5753    0.2223   0.04832   0.04538  0.002427
   241/499       26G   0.05563   0.01979  0.004203   0.07962       136       992    0.3232    0.6415    0.5055    0.1781   0.05483   0.05071  0.003683
   242/499       26G   0.05439   0.01915   0.00379   0.07734       153       992    0.3749    0.7103    0.5866    0.2233   0.04859   0.04561  0.002246
   243/499       26G   0.05508    0.0195  0.004218    0.0788       154       992    0.4201    0.6836     0.574    0.2198   0.04786   0.04654  0.002441
   244/499       26G   0.05524   0.01903   0.00403   0.07829       138       992    0.4044      0.72    0.6013    0.2319   0.04747    0.0451    0.0024
   245/499       26G   0.05486   0.01968  0.004161   0.07871       196       992    0.3794    0.6898    0.5664    0.2107   0.04948   0.04685  0.002532
   246/499       26G   0.05486   0.01931  0.004053   0.07823       165       992    0.3492    0.6992    0.5652     0.207   0.04963   0.04644  0.002708
   247/499       26G   0.05456   0.01917  0.003852   0.07758       171       992    0.3741    0.7094    0.5798    0.2143   0.04913   0.04607  0.002709
   248/499       26G   0.05374   0.01971  0.003804   0.07725       173       992    0.3872    0.6904    0.5596    0.2198   0.04801   0.04563   0.00238
   249/499       26G   0.05434   0.02001  0.003606   0.07796       166       992    0.4049    0.6813    0.5804    0.2291   0.04756   0.04563  0.002283
   250/499       26G   0.05423   0.01947  0.003906   0.07761        95       992    0.3897    0.7267    0.6163    0.2471   0.04534   0.04342  0.002134
   251/499       26G   0.05396   0.01926  0.003778     0.077       109       992    0.4112    0.6292    0.5451     0.201   0.05019   0.04788   0.00255
   252/499       26G   0.05283   0.01913  0.003654   0.07561       156       992    0.4157    0.6516     0.556    0.2116   0.04939   0.04695  0.002633
   253/499       26G   0.05309   0.01894  0.003747   0.07578       129       992    0.3831    0.7269    0.6138    0.2434   0.04641   0.04387  0.001967
   254/499       26G   0.05323   0.01925  0.003559   0.07604       141       992    0.3296    0.6944    0.5414    0.1986   0.05081   0.04803  0.003333
   255/499       26G   0.05423   0.01881  0.003689   0.07672       124       992    0.4163    0.7097    0.6097    0.2421   0.04503    0.0435  0.002098
   256/499       26G   0.05295   0.01981  0.003972   0.07673       159       992     0.407    0.7157    0.6017    0.2417   0.04564   0.04435  0.002092
   257/499       26G   0.05215   0.01925  0.003472   0.07487       102       992    0.4038     0.629    0.5339    0.2013    0.0506   0.04828   0.00249
   258/499       26G   0.05226    0.0191  0.003388   0.07475       114       992    0.4069    0.7269    0.6209    0.2517   0.04525   0.04401  0.001775
   259/499       26G   0.05374   0.01865  0.003754   0.07614       111       992     0.424    0.7246     0.632    0.2587   0.04487   0.04357  0.001761
   260/499       26G   0.05229   0.01882  0.003823   0.07493       104       992    0.3123    0.7203    0.5716     0.216   0.04798   0.04676  0.002653
   261/499       26G   0.05273   0.01823  0.003871   0.07483       174       992    0.2625    0.5919    0.4153    0.1329   0.06501   0.05419   0.01169
   262/499       26G   0.05281   0.01989  0.003524   0.07622       119       992    0.3315    0.7483     0.603    0.2407   0.04619   0.04493  0.002247
   263/499       26G   0.05286   0.01824  0.003639   0.07473       153       992    0.3491    0.6974    0.5615    0.2103   0.05017   0.04852  0.002783
   264/499       26G   0.05227   0.01927  0.003678   0.07522       163       992    0.3779    0.6797    0.5422    0.2028   0.05091    0.0477  0.002412
   265/499       26G   0.05124   0.01939  0.003544   0.07418       147       992    0.4231    0.7233    0.6242    0.2599   0.04419   0.04318  0.001824
   266/499       26G   0.05206   0.01921  0.003163   0.07443       163       992    0.3911    0.7569    0.6451      0.27   0.04248   0.04223  0.001743
   267/499       26G   0.05119   0.01902  0.003505   0.07371       170       992    0.3693    0.7387     0.605    0.2388   0.04553   0.04467  0.002069
   268/499       26G   0.05121   0.01884  0.003477   0.07353       106       992    0.4023    0.7505    0.6273      0.27   0.04294   0.04195  0.001634
   269/499       26G   0.05136   0.01935  0.003403   0.07411       134       992     0.425    0.6992    0.5983    0.2456   0.04577   0.04434  0.001854
   270/499       26G   0.05298   0.01852   0.00324   0.07474        96       992    0.4202    0.7361    0.6369    0.2689   0.04352   0.04288  0.001876
   271/499       26G   0.05159    0.0188  0.003353   0.07375       152       992     0.395    0.7485    0.6318    0.2624   0.04297   0.04299  0.001857
   272/499       26G   0.05136   0.01919  0.003593   0.07414       143       992    0.4027     0.725    0.6107    0.2523   0.04359   0.04406  0.001953
   273/499       26G   0.05072   0.01868  0.003341   0.07274       139       992    0.4009    0.7534    0.6329    0.2612   0.04384   0.04331  0.001988
   274/499       26G    0.0511   0.01891  0.003211   0.07322        92       992    0.4239    0.7337    0.6377    0.2685   0.04308   0.04262  0.001714
   275/499       26G    0.0514   0.01935  0.003311   0.07406       152       992    0.4098    0.7326    0.6336    0.2638   0.04441   0.04281  0.001815
   276/499       26G   0.05159   0.01841  0.003004     0.073       146       992    0.4319    0.7357    0.6314    0.2623   0.04408   0.04236  0.001672
   277/499       26G   0.05102   0.01834  0.003223   0.07259       118       992    0.3942    0.7594    0.6525    0.2739   0.04248   0.04227   0.00161
   278/499       26G   0.05063   0.01886  0.003026   0.07252       172       992    0.3766    0.7181    0.6172    0.2436   0.04664   0.04513  0.002322
   279/499       26G   0.05076   0.01907  0.003165   0.07299       217       992    0.3973    0.7595    0.6395    0.2657    0.0439   0.04266  0.001859
   280/499       26G   0.04926   0.01909  0.003126   0.07148       168       992     0.371    0.7652     0.652    0.2783   0.04239   0.04194  0.001677
   281/499       26G   0.04908   0.01845  0.003071   0.07061       140       992    0.3414    0.7597    0.6274    0.2531   0.04476   0.04409  0.002163
   282/499       26G   0.05082   0.01873  0.002825   0.07238       169       992    0.3985    0.7598    0.6463    0.2811    0.0426   0.04176  0.001518
   283/499       26G   0.04999   0.01806    0.0034   0.07145       150       992      0.38    0.6496    0.5434    0.2076    0.0507   0.04824  0.002466
   284/499       26G    0.0497   0.01931  0.003043   0.07205       143       992    0.4217      0.77    0.6587     0.289   0.04199   0.04143  0.001442
   285/499       26G   0.04854   0.01812  0.002865   0.06953       167       992    0.4202    0.7503    0.6406    0.2776   0.04244   0.04197   0.00147
   286/499       26G     0.049   0.01874  0.002695   0.07043       141       992     0.384    0.7555    0.6488    0.2655   0.04382   0.04377  0.001916
   287/499       26G   0.04949   0.01856  0.003033   0.07108       137       992    0.3506    0.7752    0.6413    0.2632   0.04503   0.04428  0.002003
   288/499       26G   0.05058   0.01833  0.002971   0.07188       152       992    0.3549     0.784    0.6505    0.2607    0.0456   0.04437  0.002005
   289/499       26G   0.04951   0.01808  0.002867   0.07046       127       992    0.4306    0.7491    0.6439     0.273   0.04328   0.04267  0.001623
   290/499       26G   0.04858   0.01822  0.003068   0.06987       147       992     0.431    0.7731    0.6704    0.2969   0.04086   0.04067  0.001482
   291/499       26G   0.04907   0.01838  0.002852    0.0703       149       992    0.3869    0.7601    0.6418    0.2741   0.04314    0.0427   0.00196
   292/499       26G   0.05012   0.01766  0.003214   0.07099       193       992     0.411     0.764    0.6539    0.2796   0.04231   0.04209   0.00155
   293/499       26G   0.04951    0.0187  0.003199   0.07141       164       992    0.4253    0.6869    0.5878    0.2325   0.04703   0.04636  0.002144
   294/499       26G   0.04854   0.01828  0.003103   0.06993       109       992    0.3666    0.7473    0.6236    0.2596   0.04422   0.04376  0.002159
   295/499       26G   0.04974   0.01829  0.003014   0.07104       139       992    0.3745    0.7374    0.6266     0.265   0.04414   0.04335  0.002139
   296/499       26G   0.04924   0.01804  0.003005   0.07029       156       992     0.431    0.7655    0.6701    0.2948   0.04119   0.04143  0.001572
   297/499       26G   0.04843   0.01767  0.002715   0.06881       161       992    0.4029    0.7634    0.6487    0.2859   0.04235   0.04212  0.001717
   298/499       26G   0.04968   0.01811  0.002791   0.07058       114       992    0.4507    0.7051     0.622    0.2659   0.04311   0.04354  0.001689
   299/499       26G   0.04849   0.01843  0.002946   0.06987       122       992    0.4111    0.7809    0.6705    0.2941   0.04086   0.04085  0.001553
   300/499       26G   0.04839   0.01845   0.00296    0.0698       175       992    0.4206    0.7694    0.6633     0.288   0.04155   0.04151  0.001582
   301/499       26G   0.04785   0.01788  0.002992   0.06873       192       992    0.4071    0.7849    0.6824    0.2991   0.04067   0.04125  0.001492
   302/499       26G   0.04847    0.0182  0.002948   0.06962       140       992    0.4396    0.7432    0.6444    0.2758   0.04316   0.04284  0.001507
   303/499       26G   0.04663   0.01799  0.002622   0.06724       155       992    0.4497    0.7678    0.6672    0.3012   0.04091   0.04068  0.001373
   304/499       26G   0.04863   0.01812  0.002707   0.06946       160       992    0.4144    0.8021    0.6867    0.3131   0.03965   0.03998  0.001438
   305/499       26G   0.04914   0.01725  0.003032   0.06942       126       992    0.4358    0.7853    0.6659    0.2983   0.04061   0.04037  0.001497
   306/499       26G   0.04715   0.01811  0.002725   0.06798       106       992      0.37    0.7347    0.6116    0.2431   0.04725    0.0473  0.002441
   307/499       26G   0.04774   0.01827  0.002878   0.06889       127       992    0.4119    0.7946    0.6775    0.2997   0.04109   0.04033  0.001357
   308/499       26G   0.04763   0.01835  0.002873   0.06886       128       992     0.463    0.7974    0.6942    0.3161   0.03959    0.0399  0.001328
   309/499       26G   0.04747   0.01805  0.002838   0.06835       138       992    0.4089    0.7883    0.6639     0.296   0.04068   0.04096  0.001295
   310/499       26G   0.04803   0.01842  0.002838   0.06928       151       992    0.3784    0.7862    0.6594    0.2785   0.04348   0.04316   0.00164
   311/499       26G   0.04672   0.01825  0.002425   0.06739       159       992     0.434    0.7915    0.6847    0.3051   0.04113   0.04088  0.001314
   312/499       26G   0.04701   0.01847  0.002784   0.06826       176       992    0.3955    0.8131     0.684    0.3081   0.04025   0.04017  0.001329
   313/499       26G   0.04735   0.01719  0.002634   0.06718       151       992    0.4588    0.7949    0.6939      0.32   0.03946   0.03957  0.001278
   314/499       26G   0.04662   0.01779  0.002712   0.06712       185       992    0.4552    0.8136    0.7186    0.3403   0.03833   0.03868  0.001117
   315/499       26G   0.04674    0.0174  0.002651   0.06679       161       992    0.4479     0.794     0.699    0.3262   0.03923   0.03956  0.001103
   316/499       26G   0.04742   0.01789  0.002515   0.06782       121       992    0.4606    0.8012    0.7007    0.3134   0.04015   0.03995  0.001195
   317/499       26G   0.04602   0.01791   0.00252   0.06644       132       992     0.457    0.8088    0.7193    0.3325    0.0384   0.03933   0.00121
   318/499       26G   0.04683   0.01815  0.002647   0.06762       142       992    0.4447    0.8167    0.7202    0.3276   0.03847   0.03915  0.001221
   319/499       26G   0.04644   0.01776  0.002581   0.06678       159       992    0.4365    0.8251     0.723    0.3347   0.03907   0.03901  0.001235
   320/499       26G   0.04659    0.0176  0.002519   0.06671       123       992    0.4186    0.8114    0.6949    0.3109   0.04046   0.03982   0.00134
   321/499       26G   0.04584   0.01772  0.002653   0.06621       120       992    0.3892    0.8121    0.6916    0.3045   0.04044    0.0404  0.001482
   322/499       26G   0.04599   0.01742  0.002402   0.06581       148       992    0.4324    0.8171    0.7096    0.3289   0.03868   0.03922  0.001252
   323/499       26G   0.04686    0.0179  0.002577   0.06734       138       992    0.4788    0.8078    0.7125    0.3366   0.03763   0.03877  0.001201
   324/499       26G    0.0452   0.01799  0.002428   0.06561       123       992    0.4601    0.8203    0.7105    0.3321   0.03861   0.03932   0.00122
   325/499       26G   0.04483   0.01766  0.002181   0.06466       152       992    0.4093     0.819    0.7005    0.3131    0.0399   0.04073  0.001487
   326/499       26G   0.04643    0.0167  0.002667    0.0658       112       992    0.4376    0.8235    0.7312    0.3315   0.03865   0.03909  0.001163
   327/499       26G   0.04509   0.01811  0.002596    0.0658       183       992    0.4523    0.7233    0.6259    0.2568   0.04509   0.04611   0.00208
   328/499       26G   0.04551   0.01741  0.002404   0.06532       107       992    0.4345    0.8007     0.691    0.3125   0.03998   0.04046  0.001199
   329/499       26G   0.04567   0.01819   0.00235   0.06621       140       992    0.4329    0.7655    0.6523    0.2715   0.04463   0.04381  0.001608
   330/499       26G   0.04594   0.01692  0.002533   0.06539       184       992    0.4116    0.8182    0.6962    0.3211   0.03857   0.03959  0.001176
   331/499       26G   0.04566   0.01718  0.002362   0.06521       153       992    0.4098    0.8377      0.72    0.3319   0.03806   0.03928  0.001036
   332/499       26G   0.04541    0.0174  0.002341   0.06515       145       992    0.4185    0.8317    0.7214    0.3449   0.03743   0.03864  0.001032
   333/499       26G   0.04423   0.01777  0.002178   0.06417       137       992    0.4022     0.824    0.7078    0.3341   0.03824   0.03972  0.001158
   334/499       26G   0.04469   0.01747  0.002323   0.06448       194       992    0.4598    0.8237    0.7258    0.3437   0.03724   0.03871  0.001081
   335/499       26G   0.04485   0.01687  0.002202   0.06391       118       992    0.4659    0.8034    0.7066    0.3254   0.03885    0.0397   0.00121
   336/499       26G   0.04427   0.01734  0.002558   0.06417       136       992    0.4648    0.8113    0.7107    0.3198   0.03942   0.03979  0.001172
   337/499       26G   0.04418   0.01661  0.002254   0.06305       158       992     0.436    0.8348    0.7371    0.3519   0.03757   0.03783  0.001091
   338/499       26G    0.0438   0.01685    0.0023   0.06295       164       992    0.4272    0.8381    0.7443    0.3536   0.03778   0.03766  0.001108
   339/499       26G   0.04562   0.01741  0.002303   0.06534       126       992    0.4309    0.8331    0.7459    0.3584   0.03736   0.03764  0.001055
   340/499       26G   0.04445   0.01702  0.002476   0.06394       117       992    0.4337    0.8299    0.7363    0.3442   0.03808   0.03844  0.001023
   341/499       26G   0.04431   0.01746  0.002377   0.06415       180       992    0.4641    0.8087    0.7257    0.3254   0.03934   0.03959  0.001104
   342/499       26G    0.0442   0.01684  0.002534   0.06357       127       992    0.4062    0.8134    0.7054    0.3052   0.04094   0.04207   0.00141
   343/499       26G   0.04389   0.01706  0.002401   0.06335       104       992    0.4004    0.7871    0.6716    0.2852   0.04233   0.04383  0.001587
   344/499       26G   0.04467   0.01725  0.002292   0.06422       199       992    0.4282    0.8216    0.7294    0.3391   0.03833   0.03916  0.001153
   345/499       26G   0.04383   0.01736  0.002433   0.06363       117       992    0.4321    0.8434    0.7465     0.364   0.03654   0.03749 0.0009074
   346/499       26G   0.04466   0.01733  0.002322   0.06431       114       992    0.4276    0.8443     0.751    0.3714   0.03571   0.03681 0.0009229
   347/499       26G   0.04358   0.01647  0.002114   0.06216       172       992    0.4117    0.8459    0.7392    0.3593   0.03741   0.03792 0.0009626
   348/499       26G   0.04394   0.01667  0.002255   0.06287       128       992    0.4398     0.847    0.7538    0.3629   0.03654   0.03744 0.0009568
   349/499       26G   0.04373   0.01697  0.002124   0.06281       106       992    0.4593    0.8269    0.7357    0.3557   0.03669   0.03757 0.0009485
   350/499       26G    0.0428   0.01694   0.00216    0.0619       154       992    0.4489    0.8274    0.7304    0.3557   0.03647   0.03774  0.001013
   351/499       26G   0.04343   0.01704   0.00206   0.06253       165       992    0.4782    0.8225    0.7319    0.3538   0.03677   0.03823 0.0009992
   352/499       26G   0.04368    0.0169  0.002215    0.0628       119       992    0.4672    0.8438    0.7417    0.3734   0.03539   0.03695 0.0009462
   353/499       26G   0.04364   0.01726  0.002378   0.06329        59       992    0.4822    0.8135    0.7248    0.3404   0.03784   0.03862 0.0009565
   354/499       26G   0.04276   0.01676  0.002113   0.06163       175       992    0.4613     0.825    0.7419    0.3586   0.03698   0.03826 0.0009985
   355/499       26G   0.04395   0.01662  0.001998   0.06257       103       992    0.3558    0.7533    0.6219    0.2468   0.04796   0.04927  0.003222
   356/499       26G   0.04335   0.01697  0.002296   0.06261       220       992    0.4547    0.8417     0.752    0.3626   0.03663   0.03759 0.0009568
   357/499       26G   0.04292   0.01664   0.00212   0.06168       147       992    0.4507    0.8028    0.7091    0.3228    0.0395   0.04029  0.001121
   358/499       26G   0.04268   0.01625  0.001966   0.06089       125       992    0.4465    0.7764     0.655    0.2779   0.04327   0.04379  0.001422
   359/499       26G   0.04264    0.0162  0.001995   0.06083       139       992    0.4618    0.7864     0.693    0.2999   0.04181     0.042  0.001096
   360/499       26G   0.04283   0.01699   0.00212   0.06194       141       992    0.4237    0.8499    0.7583    0.3684    0.0364   0.03729 0.0008916
   361/499       26G   0.04216   0.01659  0.002046   0.06079       121       992    0.4352    0.8445     0.745    0.3566   0.03743   0.03829 0.0009616
   362/499       26G   0.04327   0.01696  0.002014   0.06224       123       992    0.4924    0.8508    0.7662    0.3794   0.03592   0.03709 0.0008476
   363/499       26G   0.04265   0.01595   0.00234   0.06094       101       992    0.4438    0.8544    0.7612    0.3684   0.03585    0.0372 0.0009103
   364/499       26G   0.04251   0.01688  0.002101   0.06149       139       992    0.4459    0.8545    0.7541    0.3752    0.0356   0.03676 0.0008826
   365/499       26G   0.04219   0.01628   0.00203    0.0605       141       992    0.4262    0.8451     0.735    0.3602   0.03708   0.03765  0.001054
   366/499       26G    0.0423   0.01666  0.002062   0.06101       173       992    0.4303    0.8618    0.7464    0.3648   0.03636   0.03719 0.0009459
   367/499       26G   0.04175   0.01707  0.001945   0.06076       119       992      0.45    0.8435    0.7458    0.3747   0.03573   0.03654 0.0009524
   368/499       26G   0.04146   0.01696  0.002117   0.06054       205       992     0.443    0.8407    0.7309    0.3594   0.03708   0.03752 0.0009896
   369/499       26G   0.04176   0.01622  0.001903   0.05988       176       992    0.4667    0.8467    0.7491    0.3761   0.03556   0.03707 0.0008617
   370/499       26G   0.04131   0.01662  0.001954   0.05988       127       992    0.4671    0.8498    0.7488    0.3704   0.03581   0.03748 0.0008361
   371/499       26G   0.04108   0.01685  0.001992   0.05992       157       992     0.467    0.8511    0.7573    0.3773   0.03575    0.0369 0.0008377
   372/499       26G   0.04181   0.01662  0.001967    0.0604       182       992    0.4269    0.8674    0.7628    0.3836    0.0358   0.03696 0.0008607
   373/499       26G   0.04145   0.01651  0.002034      0.06       163       992    0.3745    0.8183    0.6919    0.3052   0.04138   0.04339  0.001512
   374/499       26G   0.04107   0.01656  0.001918   0.05955       134       992    0.4694    0.8454    0.7513    0.3769   0.03567   0.03711 0.0009099
   375/499       26G   0.04171   0.01613  0.001979   0.05982       124       992    0.4764    0.8232    0.7398    0.3619   0.03702   0.03806 0.0009996
   376/499       26G   0.04177   0.01654  0.001771   0.06008       120       992    0.5049    0.8362    0.7524    0.3797   0.03555   0.03706 0.0009068
   377/499       26G   0.04145   0.01689  0.001747   0.06009       143       992    0.4832    0.8406    0.7554    0.3859   0.03513   0.03637 0.0008682
   378/499       26G    0.0409   0.01678  0.001938   0.05962       191       992    0.4863    0.8511    0.7715    0.3979   0.03411   0.03585 0.0007853
   379/499       26G   0.04112   0.01646  0.001946   0.05952       159       992    0.4652    0.8534    0.7635     0.386   0.03512   0.03671 0.0008572
   380/499       26G   0.04046   0.01654  0.001874   0.05888        97       992    0.4676     0.849    0.7652    0.3917   0.03471   0.03647 0.0008702
   381/499       26G   0.04135   0.01625  0.001896    0.0595       175       992    0.4297    0.8665    0.7769    0.4034   0.03433   0.03621 0.0009033
   382/499       26G   0.04107   0.01643  0.001872   0.05937       106       992    0.4232    0.8648     0.777    0.4011   0.03474   0.03628  0.000866
   383/499       26G   0.04087   0.01673  0.001921   0.05952       131       992    0.4379    0.8588    0.7632    0.3933    0.0348   0.03665 0.0008722
   384/499       26G   0.04183   0.01644   0.00189   0.06016       165       992    0.4885     0.854    0.7781    0.3923   0.03444   0.03619 0.0007651
   385/499       26G   0.04184   0.01596  0.001937   0.05974       156       992    0.4712    0.8667    0.7821    0.3942   0.03433   0.03617 0.0007595
   386/499       26G   0.04137   0.01618  0.001914   0.05947       142       992    0.4467    0.8639    0.7694    0.3918   0.03443   0.03595 0.0008607
   387/499       26G   0.03977   0.01638    0.0019   0.05806       125       992    0.4446    0.8585    0.7736    0.3948   0.03432   0.03587 0.0008332
   388/499       26G   0.04049   0.01638  0.001754   0.05862       182       992    0.4918    0.8351    0.7558    0.3721    0.0362   0.03743  0.000895
   389/499       26G   0.03996   0.01654  0.002062   0.05857       141       992    0.4885    0.8448    0.7763    0.4064   0.03399   0.03584 0.0007887
   390/499       26G   0.03997   0.01644  0.001739   0.05815       159       992    0.4688    0.8665    0.7782    0.4018   0.03385   0.03563 0.0007561
   391/499       26G   0.04046   0.01641  0.001869   0.05874       131       992      0.47    0.8665    0.7815    0.4016   0.03375   0.03547 0.0007158
   392/499       26G   0.03948   0.01604  0.001909   0.05743       183       992    0.4498    0.8617    0.7807    0.3955   0.03493   0.03639  0.000792
   393/499       26G   0.04062   0.01583  0.001913   0.05836       121       992     0.466    0.8608     0.778    0.4001    0.0343   0.03599 0.0007976
   394/499       26G   0.03962   0.01631  0.001591   0.05752       174       992    0.4238    0.8577    0.7583     0.384   0.03527   0.03676  0.000976
   395/499       26G   0.04024   0.01613  0.002042   0.05841       135       992    0.4111    0.8623    0.7734    0.3915   0.03496    0.0368 0.0008978
   396/499       26G   0.03998   0.01603  0.002009   0.05802       103       992    0.4619    0.8588    0.7739    0.3994   0.03402   0.03581 0.0007253
   397/499       26G    0.0398   0.01652   0.00179   0.05811       133       992     0.467    0.8227     0.735    0.3414   0.03863   0.03917 0.0009122
   398/499       26G    0.0397   0.01596  0.001752   0.05741       121       992    0.4983    0.8119    0.7289     0.342   0.03845   0.03992 0.0008921
   399/499       26G   0.03922   0.01578  0.001814   0.05681       119       992    0.4833    0.8609    0.7815    0.4102   0.03347   0.03522 0.0006916
   400/499       26G   0.03899   0.01603  0.001627   0.05665        91       992    0.4696    0.8753    0.7924    0.4249   0.03264   0.03471  0.000689
   401/499       26G   0.04022   0.01595  0.001952   0.05812       119       992     0.483    0.8728    0.7956    0.4176    0.0329   0.03483 0.0007292
   402/499       26G   0.03946   0.01626  0.001823   0.05755       128       992    0.4467    0.8587    0.7756    0.3947   0.03538   0.03664 0.0008572
   403/499       26G   0.03967   0.01646  0.001723   0.05786       126       992    0.4675    0.8596    0.7778    0.3982   0.03456   0.03588 0.0007644
   404/499       26G   0.03974   0.01647  0.001717   0.05793       127       992    0.4624    0.8684    0.7784    0.4058   0.03381   0.03532 0.0007533
   405/499       26G   0.03958   0.01608  0.001824   0.05748       193       992    0.4779    0.8604    0.7788    0.4035   0.03379   0.03543 0.0007723
   406/499       26G   0.03926   0.01669  0.001713   0.05766       149       992    0.4813    0.8691    0.7897    0.4151   0.03316   0.03487 0.0007412
   407/499       26G   0.03904   0.01564  0.001842   0.05653        91       992    0.4985    0.8678     0.782    0.4013   0.03385   0.03529 0.0007274
   408/499       26G   0.03855   0.01542  0.001722    0.0557        97       992    0.5033    0.8649    0.7861    0.4071   0.03354   0.03497  0.000736
   409/499       26G   0.03909   0.01561  0.001596   0.05629       128       992    0.4794    0.8806    0.7988    0.4137   0.03309   0.03485 0.0007781
   410/499       26G   0.03879   0.01612  0.001787    0.0567       113       992    0.4863    0.8735    0.8025    0.4193   0.03282   0.03479  0.000691
   411/499       26G   0.03954   0.01582  0.001663   0.05702       115       992    0.4792     0.874    0.7926    0.4123   0.03337   0.03515  0.000741
   412/499       26G   0.03899   0.01618  0.001725   0.05689       129       992    0.4657    0.8771    0.7869    0.4079   0.03414   0.03575 0.0007218
   413/499       26G   0.03908   0.01573  0.001866   0.05667       134       992    0.4551    0.8806    0.7937    0.4159   0.03353   0.03529 0.0007129
   414/499       26G   0.03886   0.01623  0.001613    0.0567       172       992    0.4725    0.8729    0.7901    0.4099   0.03377   0.03547 0.0006551
   415/499       26G   0.03888   0.01617  0.001688   0.05674       153       992    0.4845    0.8577     0.777    0.4006   0.03423   0.03562 0.0007051
   416/499       26G    0.0387   0.01603  0.001788   0.05651       137       992     0.477    0.8633    0.7839    0.4058   0.03413   0.03543  0.000653
   417/499       26G   0.03861   0.01545  0.001743   0.05581       152       992    0.4896    0.8747    0.7975    0.4264   0.03278   0.03488 0.0006251
   418/499       26G   0.03855   0.01596  0.001608   0.05611       149       992    0.4698    0.8675    0.7882    0.4165   0.03326   0.03512 0.0006904
   419/499       26G   0.03838    0.0155  0.001659   0.05553       199       992    0.5007    0.8666    0.7934    0.4173   0.03314   0.03511  0.000667
   420/499       26G    0.0383   0.01538  0.001717   0.05539       167       992    0.5028    0.8684    0.8058    0.4365   0.03172    0.0343 0.0006246
   421/499       26G   0.03808   0.01515  0.001725   0.05496       155       992    0.4696    0.8741    0.7989    0.4215   0.03294    0.0351 0.0006831
   422/499       26G   0.03801   0.01592  0.001588   0.05552       160       992    0.4763    0.8765    0.8006    0.4228   0.03298   0.03508 0.0006805
   423/499       26G   0.03839   0.01533  0.001757   0.05548       172       992    0.4878    0.8701    0.7991    0.4295   0.03248    0.0346 0.0006344
   424/499       26G   0.03819   0.01539  0.001766   0.05535       174       992    0.4859     0.876     0.801    0.4262   0.03251   0.03439 0.0006253
   425/499       26G   0.03751    0.0153   0.00161   0.05442       130       992    0.4829    0.8828    0.8023    0.4257   0.03249   0.03444  0.000641
   426/499       26G   0.03825   0.01561   0.00167   0.05553       138       992    0.4787    0.8775    0.8048    0.4222   0.03335   0.03509 0.0007067
   427/499       26G   0.03787   0.01534  0.001639   0.05485       141       992     0.469    0.8863    0.8147     0.436   0.03249   0.03424 0.0006363
   428/499       26G   0.03822   0.01565  0.001661   0.05552       137       992    0.4613    0.8851    0.8077     0.436   0.03203   0.03387 0.0006366
   429/499       26G   0.03728    0.0159  0.001468   0.05465       154       992    0.4569    0.8836    0.8082    0.4226   0.03288   0.03463 0.0006802
   430/499       26G   0.03728   0.01544  0.001603   0.05433       133       992    0.4923    0.8834    0.8138    0.4404   0.03146   0.03371 0.0005848
   431/499       26G   0.03796   0.01509   0.00182   0.05487       154       992    0.5049    0.8851    0.8187    0.4467   0.03089   0.03358 0.0005691
   432/499       26G   0.03813   0.01623  0.001711   0.05607       153       992    0.4975    0.8522    0.7794     0.395   0.03457   0.03638 0.0006715
   433/499       26G   0.03719   0.01565  0.001522   0.05437       138       992     0.505    0.8701    0.7981    0.4177   0.03281   0.03472 0.0006432
   434/499       26G   0.03763   0.01625  0.001492   0.05537       164       992    0.5048     0.885    0.8135    0.4399   0.03142   0.03347 0.0005984
   435/499       26G   0.03767   0.01526  0.001416   0.05434       132       992    0.4967    0.8822    0.8059    0.4344   0.03217   0.03403 0.0006252
   436/499       26G   0.03778   0.01518  0.001601   0.05457       138       992    0.4967    0.8871    0.8127    0.4436   0.03138   0.03357 0.0005859
   437/499       26G   0.03834   0.01573  0.001579   0.05566       100       992    0.4771     0.887    0.8149    0.4419   0.03136   0.03382 0.0005814
   438/499       26G    0.0376   0.01539  0.001487   0.05448        85       992    0.4821    0.8888    0.8102    0.4437   0.03103    0.0335  0.000569
   439/499       26G   0.03707   0.01521  0.001527   0.05381       173       992    0.4984    0.8776    0.7938     0.422   0.03234   0.03485 0.0006284
   440/499       26G   0.03717   0.01568  0.001575   0.05443       201       992    0.5034    0.8841    0.8003    0.4272   0.03241   0.03464  0.000629
   441/499       26G   0.03702   0.01531   0.00143   0.05376       153       992    0.4883    0.8921    0.8135    0.4356   0.03196   0.03401  0.000624
   442/499       26G   0.03745   0.01561  0.001502   0.05456       134       992     0.467    0.8858    0.8086    0.4349   0.03238   0.03418 0.0006323
   443/499       26G   0.03715   0.01529  0.001452   0.05389       141       992    0.4881    0.8878    0.8135    0.4426   0.03157   0.03362 0.0006127
   444/499       26G   0.03742   0.01544  0.001517   0.05438       181       992    0.4867    0.8905    0.8146    0.4412   0.03178    0.0339 0.0006511
   445/499       26G   0.03741   0.01528  0.001594   0.05428       103       992    0.4807    0.8941    0.8217    0.4449   0.03142    0.0338 0.0006116
   446/499       26G   0.03729   0.01534  0.001607   0.05423        99       992    0.4854     0.897    0.8182    0.4414   0.03182   0.03376 0.0005954
   447/499       26G   0.03713    0.0157  0.001388   0.05422       146       992    0.5006    0.8904      0.82    0.4389   0.03175   0.03392 0.0005763
   448/499       26G   0.03754   0.01514  0.001632   0.05431       131       992    0.4885    0.8961    0.8267    0.4487    0.0311    0.0332 0.0005561
   449/499       26G   0.03734   0.01534  0.001405   0.05409       155       992    0.5044    0.8834    0.8282    0.4522   0.03104   0.03328 0.0005506
   450/499       26G   0.03714   0.01556  0.001566   0.05427       182       992    0.4822    0.8936    0.8262    0.4475   0.03123    0.0334 0.0005796
   451/499       26G   0.03717   0.01497  0.001771    0.0539       140       992    0.4809    0.8965    0.8202    0.4401   0.03163   0.03351  0.000625
   452/499       26G   0.03637   0.01553  0.001575   0.05347       159       992    0.4837    0.8979    0.8211     0.451   0.03068   0.03291 0.0005806
   453/499       26G   0.03696   0.01525  0.001468   0.05367       123       992    0.4968    0.8937    0.8199    0.4524   0.03069     0.033 0.0005532
   454/499       26G   0.03755   0.01532  0.001538   0.05441       147       992    0.4939    0.9014    0.8215    0.4489   0.03095   0.03295 0.0005647
   455/499       26G   0.03737   0.01573  0.001542   0.05465       138       992    0.4944    0.8944    0.8118    0.4414   0.03155   0.03335 0.0006272
   456/499       26G   0.03609   0.01493  0.001518   0.05253       147       992    0.4685    0.8901    0.8143    0.4333   0.03197   0.03374 0.0006665
   457/499       26G   0.03672   0.01536  0.001526   0.05361       150       992    0.4722    0.8909    0.8227    0.4402   0.03154   0.03347 0.0006176
   458/499       26G   0.03663   0.01498   0.00146   0.05307       128       992     0.498    0.8923    0.8231    0.4415    0.0315   0.03375 0.0005805
   459/499       26G   0.03676   0.01492  0.001536   0.05321       160       992    0.5044     0.895    0.8284    0.4493     0.031   0.03351 0.0005456
   460/499       26G   0.03666   0.01532  0.001449   0.05343       244       992    0.5003    0.8925    0.8233    0.4494   0.03122   0.03348 0.0005578
   461/499       26G   0.03664     0.015  0.001586   0.05323       131       992    0.4915    0.8986    0.8257    0.4482   0.03106   0.03314 0.0005932
   462/499       26G   0.03622   0.01494  0.001441   0.05261       128       992    0.4969     0.889    0.8167    0.4416   0.03137   0.03351 0.0006039
   463/499       26G   0.03637   0.01533  0.001584   0.05328       107       992    0.4944    0.8973    0.8269    0.4456   0.03102   0.03313 0.0005731
   464/499       26G   0.03643   0.01514  0.001334    0.0529       130       992    0.5166    0.8799     0.809    0.4256   0.03259    0.0343 0.0005646
   465/499       26G   0.03679   0.01493  0.001579    0.0533       154       992    0.5207    0.8875    0.8226    0.4442   0.03119    0.0334 0.0005576
   466/499       26G    0.0362   0.01472  0.001469   0.05238       159       992    0.5081    0.8909    0.8263    0.4507   0.03109   0.03328 0.0005433
   467/499       26G    0.0363   0.01521  0.001592    0.0531       147       992    0.4608    0.8882    0.8141    0.4294   0.03227   0.03418 0.0005889
   468/499       26G   0.03669   0.01507  0.001284   0.05304       150       992    0.4894    0.8999    0.8287    0.4498   0.03046   0.03276 0.0005253
   469/499       26G     0.036   0.01541  0.001401   0.05281       152       992    0.5156    0.8885     0.827    0.4471   0.03086   0.03315 0.0005647
   470/499       26G   0.03598   0.01507  0.001413   0.05246       129       992    0.5103    0.8824    0.8163    0.4257   0.03248   0.03432 0.0005918
   471/499       26G   0.03586   0.01528   0.00151   0.05265       142       992    0.5018    0.9015      0.83     0.456   0.03045   0.03282 0.0005458
   472/499       26G   0.03608    0.0154  0.001534   0.05302       135       992     0.511    0.9047    0.8295    0.4567   0.03032   0.03266 0.0005442
   473/499       26G   0.03562   0.01469  0.001473   0.05179       143       992    0.4744    0.9032    0.8279    0.4438   0.03123   0.03311  0.000569
   474/499       26G   0.03656   0.01515  0.001634   0.05334       153       992    0.4792    0.8987    0.8259    0.4422   0.03175   0.03365 0.0006092
   475/499       26G   0.03545   0.01459  0.001368   0.05141       205       992    0.5019    0.8937    0.8291    0.4496   0.03071    0.0329 0.0005754
   476/499       26G   0.03612   0.01484  0.001517   0.05247        99       992     0.503    0.9015    0.8371    0.4671   0.03013   0.03249 0.0005464
   477/499       26G   0.03508   0.01486   0.00136    0.0513       101       992    0.5127    0.8963    0.8332    0.4582   0.03061   0.03283 0.0005713
   478/499       26G   0.03606   0.01414  0.001436   0.05163       114       992    0.5139    0.8896     0.824     0.443   0.03128   0.03349 0.0005666
   479/499       26G   0.03611   0.01538   0.00146   0.05295       185       992    0.5102    0.8988    0.8285    0.4505   0.03118   0.03325 0.0005596
   480/499       26G   0.03501    0.0149  0.001468   0.05137       170       992    0.5163    0.9053    0.8444    0.4759    0.0298   0.03203 0.0005122
   481/499       26G   0.03504   0.01508  0.001388   0.05151       175       992    0.4979    0.9086    0.8403    0.4676   0.03029   0.03235 0.0005106
   482/499       26G   0.03534   0.01493   0.00138   0.05164       174       992    0.5069    0.8949    0.8299    0.4549   0.03087   0.03282 0.0005156
   483/499       26G   0.03557   0.01526   0.00136   0.05219       153       992    0.5127    0.9069    0.8406    0.4677   0.03022   0.03237 0.0004963
   484/499       26G   0.03575   0.01494  0.001423   0.05212       169       992    0.5065    0.8987    0.8341    0.4645    0.0305    0.0325 0.0005244
   485/499       26G   0.03546   0.01487  0.001382   0.05171       135       992    0.5068    0.9045    0.8316    0.4571   0.03076   0.03267 0.0005321
   486/499       26G   0.03521   0.01502  0.001423   0.05166       117       992    0.5035    0.9026    0.8349    0.4575    0.0307   0.03268 0.0005418
   487/499       26G   0.03523     0.015  0.001297   0.05152       137       992    0.5037    0.9098     0.843    0.4624   0.03044   0.03224 0.0005069
   488/499       26G   0.03566   0.01504  0.001325   0.05203       186       992    0.5181    0.9077    0.8453    0.4694    0.0301   0.03191 0.0004838
   489/499       26G   0.03568   0.01479  0.001332    0.0518       141       992    0.5201    0.9031    0.8378    0.4673   0.03021   0.03216 0.0004896
   490/499       26G   0.03577   0.01483  0.001423   0.05203       125       992    0.4943    0.9025    0.8313    0.4631   0.03036    0.0322 0.0005129
   491/499       26G   0.03526   0.01503  0.001321   0.05161       141       992    0.5125    0.8957    0.8284     0.463   0.03012   0.03223 0.0005242
   492/499       26G    0.0358   0.01501  0.001444   0.05225       173       992    0.5169    0.8985    0.8318    0.4605   0.03013   0.03217 0.0005451
   493/499       26G   0.03558   0.01538  0.001433    0.0524       142       992    0.5222    0.9007    0.8338    0.4533   0.03062   0.03265 0.0005419
   494/499       26G   0.03488   0.01461   0.00137   0.05086       104       992    0.5013    0.9036    0.8388    0.4696      0.03   0.03186 0.0005107
   495/499       26G   0.03576   0.01507  0.001417   0.05224       155       992    0.4821     0.903    0.8359    0.4576   0.03101   0.03279 0.0005302
   496/499       26G   0.03553   0.01485  0.001266   0.05165       119       992    0.5072    0.9043    0.8459    0.4729   0.03012   0.03208 0.0005082
   497/499       26G   0.03503   0.01513  0.001322   0.05147       182       992    0.5061    0.8995    0.8368    0.4693   0.02982   0.03192 0.0005238
   498/499       26G   0.03516   0.01488  0.001419   0.05146       152       992     0.511    0.8995    0.8343    0.4636   0.03036   0.03229  0.000555
   499/499       26G   0.03486   0.01428  0.001236   0.05038       141       992    0.5198    0.8949    0.8321    0.4568   0.03065   0.03287 0.0005405
